Losses,Support Cardinalities (Basis Pursuit),Two-Stage Losses,Random Two-Stage Losses,Greedy Multitask Norms (Two-Stage),Brute Isometry Losses,Brute Losses,Basis Pursuit Times,Stage Two Times,Greedy Times
9.577600444575019,7,6.541986486030626,28.301242991722045,6.50260157636371,,,1.3450469970703125,0.00477290153503418,0.015432119369506836
12.871900636879207,6,6.083715704940078,18.002470271568082,6.415475865187765,,,1.263963222503662,0.002852916717529297,0.017211198806762695
9.577600444575019,8,5.839878285062839,47.90748613417492,7.388508142053346,,,1.291355848312378,0.004664897918701172,0.015317916870117188
10.95878642284583,5,6.0837157049400785,183.2263302460234,6.415475865187766,,,1.2242789268493652,0.002425670623779297,0.015060901641845703
32.153878814115636,8,12.403460637549589,34.547107690733654,7.900549907126701,,,1.295987844467163,0.004939079284667969,0.016801118850708008
15.64812912681899,8,5.878783497924201,115.11671005998255,7.425559187835878,,,1.3268370628356934,0.0055561065673828125,0.013729095458984375
27.532117176821863,8,7.626946628085609,56.46909732955875,7.546273565718016,,,1.282654047012329,0.004406929016113281,0.01322174072265625
7.548014431059725,5,6.139740676471996,31.040244230701447,7.635120694493561,,,1.2517261505126953,0.0022461414337158203,0.014667749404907227
12.375107584477114,6,6.221374353698803,52.87154799396039,7.926605831729878,,,1.250025749206543,0.002686023712158203,0.018455982208251953
9.920646267496283,6,5.748469990368164,24.577621521901946,7.012438272424015,,,1.2484071254730225,0.0027577877044677734,0.01734304428100586
9.31109727210784,7,7.209702673518095,37.647257351118284,7.482872286256885,,,1.2271170616149902,0.003535032272338867,0.016643047332763672
9.263827519799332,5,6.325703133207528,230.78480777175838,6.748709815833285,,,1.2198517322540283,0.0025289058685302734,0.014032125473022461
33.12141218531698,8,7.652217907641555,129.3023974236158,8.126877786449233,,,1.265068769454956,0.00434112548828125,0.014974832534790039
10.214642115920277,8,6.07545132034287,23.006900424015743,7.4850268361195775,,,1.2472198009490967,0.005131959915161133,0.014938116073608398
10.089058638715809,6,6.98948194568718,17.655130570885966,7.509819992643871,,,1.2532649040222168,0.002747774124145508,0.014292001724243164
12.281545482998371,6,6.083715704940078,69.01793413435496,6.415475865187765,,,1.2064268589019775,0.002888917922973633,0.015335798263549805
13.783213444155951,6,6.209973779186906,47.69113266460094,7.019272872032245,,,1.1990687847137451,0.0024802684783935547,0.015315055847167969
23.294541032838573,6,6.0837157049400785,34.15612401726917,6.415475865187766,,,1.2251472473144531,0.004474163055419922,0.015511035919189453
10.146971511332048,7,7.378901965708698,14.623080063543314,7.698917605606145,,,1.2696688175201416,0.0038421154022216797,0.013107776641845703
7.310231205279827,7,8.511888640264965,21.499171705081697,7.387172932261512,,,1.2487311363220215,0.003038167953491211,0.015059232711791992
7.589630909224606,8,5.763635870125621,151.39074870595704,6.822495105415061,,,1.2872319221496582,0.004138946533203125,0.016525983810424805
12.375107584477114,6,7.516717945088455,63.581049696170794,7.261792473151218,,,1.2566351890563965,0.0033600330352783203,0.01379084587097168
16.473940415666462,7,8.902569914313757,11.646249318794384,7.488003685338674,,,1.4747991561889648,0.005688190460205078,0.017454862594604492
11.460881580729511,7,7.036463302545808,53.04679466345861,6.7378797095704925,,,1.3741891384124756,0.0047969818115234375,0.014274120330810547
9.806062064448238,7,5.878783497924199,99.75719116545037,7.339288460346857,,,1.4904000759124756,0.004478931427001953,0.014425992965698242
