Losses,Support Cardinalities (Basis Pursuit),Two-Stage Losses,Random Two-Stage Losses,Greedy Multitask Norms (Two-Stage),Brute Isometry Losses,Brute Losses,Basis Pursuit Times,Stage Two Times,Greedy Times
9.577600444575019,7,6.541986486030626,28.301242991722045,6.50260157636371,,,1.2614378929138184,0.003203153610229492,0.01083993911743164
12.871900636879207,6,6.083715704940078,18.002470271568082,6.415475865187765,,,1.2222840785980225,0.002649068832397461,0.021732091903686523
9.577600444575019,8,5.839878285062839,47.90748613417492,7.388508142053346,,,1.2672781944274902,0.004462003707885742,0.021766185760498047
10.95878642284583,5,6.0837157049400785,183.2263302460234,6.415475865187766,,,1.2381911277770996,0.0022139549255371094,0.017606019973754883
32.153878814115636,8,12.403460637549589,34.547107690733654,7.900549907126701,,,1.2719030380249023,0.004179954528808594,0.023038864135742188
15.64812912681899,8,5.878783497924201,115.11671005998255,7.425559187835878,,,1.2326281070709229,0.004582881927490234,0.01823282241821289
27.532117176821863,8,7.626946628085609,56.46909732955875,7.546273565718016,,,1.2317070960998535,0.005232095718383789,0.01898813247680664
7.548014431059725,5,6.139740676471996,31.040244230701447,7.635120694493561,,,1.2360410690307617,0.002199888229370117,0.01843094825744629
12.375107584477114,6,6.221374353698803,52.87154799396039,7.926605831729878,,,1.2095081806182861,0.0025360584259033203,0.018728256225585938
9.920646267496283,6,5.748469990368164,24.577621521901946,7.012438272424015,,,1.2113850116729736,0.002608776092529297,0.0170438289642334
9.31109727210784,7,7.209702673518095,37.647257351118284,7.482872286256885,,,1.2095670700073242,0.003114938735961914,0.018817901611328125
9.263827519799332,5,6.325703133207528,230.78480777175838,6.748709815833285,,,1.2068407535552979,0.0024900436401367188,0.01853799819946289
33.12141218531698,8,7.652217907641555,129.3023974236158,8.126877786449233,,,1.2616660594940186,0.004476070404052734,0.019739866256713867
10.214642115920277,8,6.07545132034287,23.006900424015743,7.4850268361195775,,,1.2041850090026855,0.004992008209228516,0.01912713050842285
10.089058638715809,6,6.98948194568718,17.655130570885966,7.509819992643871,,,1.2495460510253906,0.0030488967895507812,0.019581317901611328
12.281545482998371,6,6.083715704940078,69.01793413435496,6.415475865187765,,,1.2369959354400635,0.002429962158203125,0.01992487907409668
13.783213444155951,6,6.209973779186906,47.69113266460094,7.019272872032245,,,1.2093088626861572,0.003475189208984375,0.016622066497802734
23.294541032838573,6,6.0837157049400785,34.15612401726917,6.415475865187766,,,1.2332379817962646,0.0025148391723632812,0.02297806739807129
10.146971511332048,7,7.378901965708698,14.623080063543314,7.698917605606145,,,1.222031831741333,0.0030150413513183594,0.01836395263671875
7.310231205279827,7,8.511888640264965,21.499171705081697,7.387172932261512,,,1.2635629177093506,0.0037500858306884766,0.019350767135620117
7.589630909224606,8,5.763635870125621,151.39074870595704,6.822495105415061,,,1.2586557865142822,0.005111217498779297,0.01878499984741211
12.375107584477114,6,7.516717945088455,63.581049696170794,7.261792473151218,,,1.2824251651763916,0.002735137939453125,0.020337820053100586
16.473940415666462,7,8.902569914313757,11.646249318794384,7.488003685338674,,,1.252851963043213,0.0034661293029785156,0.020213842391967773
11.460881580729511,7,7.036463302545808,53.04679466345861,6.7378797095704925,,,1.1911659240722656,0.0031599998474121094,0.017943143844604492
9.806062064448238,7,5.878783497924199,99.75719116545037,7.339288460346857,,,1.2409837245941162,0.0030710697174072266,0.019114255905151367
