Basis Pursuit Times,Stage Two Times,Greedy Times
0.3132758140563965,0.003469228744506836,0.004744768142700195
0.3499460220336914,0.0021877288818359375,0.0048067569732666016
0.4239840507507324,0.0026140213012695312,0.005869150161743164
0.3219330310821533,0.0033690929412841797,0.005471229553222656
0.3283660411834717,0.0022318363189697266,0.00486302375793457
0.32970499992370605,0.0030281543731689453,0.004395008087158203
0.31384968757629395,0.0026950836181640625,0.0045239925384521484
0.3118617534637451,0.002597808837890625,0.004482746124267578
0.3197617530822754,0.0021729469299316406,0.00477910041809082
0.3035578727722168,0.0020160675048828125,0.004669189453125
0.30908703804016113,0.0033261775970458984,0.003885030746459961
0.3027520179748535,0.0032279491424560547,0.005053281784057617
0.29807305335998535,0.002302885055541992,0.0050182342529296875
0.31557297706604004,0.002750873565673828,0.0044820308685302734
0.3087499141693115,0.002814054489135742,0.0038640499114990234
0.29851222038269043,0.0027239322662353516,0.004575014114379883
0.29665589332580566,0.0023670196533203125,0.0042569637298583984
0.30603575706481934,0.002026081085205078,0.004794120788574219
0.31240105628967285,0.0021088123321533203,0.004519939422607422
0.31119513511657715,0.0021550655364990234,0.0045278072357177734
0.3020181655883789,0.0017442703247070312,0.005191326141357422
0.3118760585784912,0.002346038818359375,0.0040819644927978516
0.33904409408569336,0.0027501583099365234,0.004304170608520508
0.3266150951385498,0.002260923385620117,0.004055976867675781
0.3236379623413086,0.002110004425048828,0.004699230194091797
