Losses,Support Cardinalities (Basis Pursuit),Two-Stage Losses,Random Two-Stage Losses,Greedy Multitask Norms (Two-Stage),Brute Isometry Losses,Brute Losses,Basis Pursuit Times,Stage Two Times,Greedy Times
7.979011846851625,15,7.695073332173572,104.71976476707647,8.616184649292213,,,2.3549277782440186,0.17099595069885254,0.022850751876831055
7.838743179837409,12,7.838743179837406,173.81990833764047,8.780254697834213,,,2.253251791000366,0.036083221435546875,0.02077198028564453
7.33560569999662,14,7.335605699996621,177.9042943019575,8.403438225478922,,,2.2859809398651123,0.10671591758728027,0.022488117218017578
7.687302315934482,13,7.4325133841009,72.93369263022032,8.350009626432623,,,2.2932517528533936,0.05736112594604492,0.021183013916015625
7.27013376385509,12,7.270133763855089,64.84400957824653,8.51183347833706,,,2.2478320598602295,0.03206276893615723,0.021505117416381836
7.095277963721783,13,7.095277963721783,95.01430216433663,7.845971937714029,,,2.2664358615875244,0.060326337814331055,0.02157282829284668
7.733254090312583,14,7.486662017736627,180.91484900914583,8.407593773185548,,,2.335294008255005,0.09512209892272949,0.021497726440429688
8.14679507921046,13,7.571076876041783,73.10159141053468,8.27641037820161,,,2.1989588737487793,0.05540895462036133,0.021509170532226562
7.15237167442648,11,7.1523716744264805,111.14674361279006,7.686143024600067,,,2.2143213748931885,0.017706871032714844,0.020898103713989258
7.3206434251888295,13,7.1164037651827,73.11635395037979,7.847952676152527,,,2.231543779373169,0.054490089416503906,0.020788908004760742
7.031538048477563,11,7.031538048477563,61.23011911758287,7.707102411196148,,,2.2236440181732178,0.02177906036376953,0.022493839263916016
8.106464259197148,17,7.903519596411406,129.50116951303892,8.724005040429926,,,2.2061779499053955,0.38767480850219727,0.022553682327270508
8.087520727668739,15,7.8877782065436435,118.98632771540768,8.929185018426027,,,2.4393389225006104,0.17030596733093262,0.019999980926513672
7.72426823612031,16,7.72426823612031,64.6066543939457,8.888866762640315,,,2.224951982498169,0.24901294708251953,0.020257234573364258
7.715031902354321,15,7.6700148942074735,472.6757911530121,8.724232002547433,,,2.171917200088501,0.16148877143859863,0.02031993865966797
7.744464601247566,14,7.744464601247568,104.22058459418598,8.659499988448063,,,2.419405937194824,0.10074496269226074,0.020511865615844727
8.130253336539273,13,8.130253336539276,148.8633307085473,9.405429953197865,,,2.418351173400879,0.059391021728515625,0.022383928298950195
7.905169584696753,15,7.794801346734616,107.83989102599115,9.109094231680604,,,2.2686851024627686,0.1955277919769287,0.024055957794189453
7.34260845424058,12,7.3426084542405805,126.17522017563302,8.438009714615083,,,2.365665912628174,0.03591585159301758,0.025976181030273438
7.8343332991365155,12,7.622479915764527,48.35822981368288,8.388176409256456,,,2.27998685836792,0.03546786308288574,0.0236051082611084
7.842356869743607,12,7.557130403053387,140.25813672071916,8.421317154611552,,,2.403383731842041,0.03675389289855957,0.022787809371948242
7.7958370898587805,14,7.764412372342632,106.14502815670137,8.878597707633398,,,2.4138801097869873,0.1078348159790039,0.02247309684753418
7.852648427503473,15,7.845080950208683,58.87183911135689,8.803483805604682,,,2.2389631271362305,0.16703295707702637,0.02152109146118164
7.505795159571942,13,7.505795159571943,95.18909392232545,8.619502507728429,,,2.278618097305298,0.05954313278198242,0.023493051528930664
7.589203558149741,13,7.34260845424058,49.109677615963435,8.438009714615081,,,2.403838872909546,0.06030893325805664,0.021690845489501953
