Losses,Support Cardinalities (Basis Pursuit),Two-Stage Losses,Random Two-Stage Losses,Greedy Multitask Norms (Two-Stage),Brute Isometry Losses,Brute Losses,Basis Pursuit Times,Stage Two Times,Greedy Times
6.015181454761316,20,6.018688210530863,6.102147218299017,6.581439011833705,,,2.4138150215148926,1.440493106842041,0.02403712272644043
6.0140469210273775,20,6.01556525754065,6.135075689394848,6.543539319448611,,,2.5025157928466797,1.3909738063812256,0.024172067642211914
6.010759070006243,19,6.017735701375061,6.127555757658806,6.426063230795298,,,2.4156010150909424,1.0265142917633057,0.028149127960205078
6.012595693566151,21,6.012933504347335,6.112518275062914,6.418955329079061,,,2.347486972808838,1.875608205795288,0.027037858963012695
6.010489157096717,16,6.022398713300297,6.102022327515353,6.508476459141224,,,2.46529221534729,0.29152798652648926,0.026266098022460938
6.008658336438747,20,6.015739219831124,6.1116917980881915,6.621861846187291,,,2.4386000633239746,1.4088771343231201,0.02700495719909668
6.012595153727671,19,6.016121256357058,6.090343260608339,6.7182513839858204,,,2.607403039932251,0.97117018699646,0.028447866439819336
6.015496381645427,19,6.0191570847558715,6.110153349513601,6.698654180570856,,,2.3802309036254883,0.9763388633728027,0.02701711654663086
6.009403086424995,19,6.014054398277937,6.103487342297818,6.732724666854345,,,2.361103057861328,0.9613387584686279,0.027354717254638672
6.010544381859832,20,6.009094187172043,6.098597514480607,6.479705964028757,,,2.363790988922119,1.426023244857788,0.022955894470214844
6.008283714578032,20,6.014434249160919,6.104469986633227,6.685605264373239,,,2.3429439067840576,1.3666439056396484,0.026719093322753906
6.0148291709117325,20,6.015905379127272,6.111858092808879,6.676789147152004,,,2.4377951622009277,1.4008629322052002,0.026277780532836914
6.0149034312004925,18,6.017286564281273,6.0964384301095516,6.811984285908414,,,2.4268689155578613,0.6619648933410645,0.02564096450805664
6.013035847958257,20,6.014462486274324,6.110836028412878,6.575421438992621,,,2.289700746536255,1.443871021270752,0.0261838436126709
6.012871216570378,19,6.016635951433748,6.146036075555884,6.604746609465676,,,2.2824692726135254,0.9850759506225586,0.028743982315063477
6.012854031075311,19,6.0159044007624916,6.112340846911645,6.387689508948348,,,2.3850271701812744,0.9154210090637207,0.02406001091003418
6.015478363734203,20,6.021044810835117,6.134902128252277,6.3333723606316905,,,2.5357041358947754,1.4052002429962158,0.028167009353637695
6.0143558950245195,18,6.016505045166552,6.111822487407659,6.382831740587799,,,2.491208791732788,0.6255009174346924,0.023318767547607422
6.010676185966112,19,6.0207530571282595,6.106649913277063,6.381839692482921,,,2.3125131130218506,0.8823421001434326,0.02276301383972168
6.012729895101367,21,6.0160314566850825,6.123225676546305,6.729052252304181,,,2.288935899734497,1.7950067520141602,0.027621746063232422
6.013074106506416,20,6.012959113393865,6.134849979187614,6.698120011760984,,,2.411703109741211,1.423872947692871,0.0285031795501709
6.013932584778956,20,6.017051079938231,6.12603644551275,6.2024523616817655,,,2.448939800262451,1.383754014968872,0.029445886611938477
6.01424891357817,20,6.015790598910572,6.1002705290193955,6.503353102331969,,,2.3649730682373047,1.3318991661071777,0.023939132690429688
6.011484637348289,19,6.013800420639135,6.109873858191904,6.63242772651391,,,2.370849847793579,0.8999650478363037,0.025754213333129883
6.010890987013545,17,6.019513515380318,6.086077653143119,6.753804177051266,,,2.1949880123138428,0.4007718563079834,0.023072004318237305
