Losses,Support Cardinalities (Basis Pursuit),Two-Stage Losses,Random Two-Stage Losses,Greedy Multitask Norms (Two-Stage),Brute Isometry Losses,Brute Losses,Basis Pursuit Times,Stage Two Times,Greedy Times
11.536869724610805,4,11.536869724610778,1.4517777368666483e+38,4.46406304942782,,,1.4116899967193604,0.0019919872283935547,0.01865410804748535
19.823780401252023,7,8.375866749704656,7.996380291849637e+63,5.058158143234862,,,1.3704137802124023,0.003061056137084961,0.01608896255493164
17.216892663650764,8,6.040177031597853,3.536889631536156e+37,4.624966405409691,,,1.3860468864440918,0.0042040348052978516,0.015330791473388672
10.76111832384472,8,6.12329852299032,3.755714602753197e+19,4.593958978111873,,,1.4059948921203613,0.005342245101928711,0.015359878540039062
7.917758380306511,9,7.9177583803065055,8.501571168198176e+58,4.741112103477224,,,1.3715219497680664,0.006181001663208008,0.014779806137084961
12.313183999572683,7,10.593403353098259,5.599686294374937e+31,4.449903900260696,,,1.4104959964752197,0.0032498836517333984,0.01720595359802246
23.5188721773457,6,5.982492953058658,3.3661352282226695e+20,4.274328770784803,,,1.4140632152557373,0.0027709007263183594,0.015003204345703125
11.249486884798298,6,20.67160083721675,1.1748337709395527e+53,5.16785165649453,,,1.3368711471557617,0.0026519298553466797,0.015021800994873047
22.220377675421922,7,6.040177031597853,2.0442533305530997e+42,4.624966405409691,,,1.3871090412139893,0.004501819610595703,0.015333175659179688
8.558869845526045,8,7.9177583803065,2.063079116711429e+48,4.700965763117645,,,1.374830722808838,0.004178047180175781,0.01547098159790039
12.313183999572683,7,7.917758380306511,3.3602797882675265e+29,4.741112103477224,,,1.3939518928527832,0.0031859874725341797,0.01602315902709961
10.033462367487083,5,10.90546344513876,6.584765011396045e+23,4.691030690387457,,,1.3608510494232178,0.0020940303802490234,0.015358209609985352
71.91369203432434,7,33.73661840236545,1.1213818799033703e+32,5.027193629966634,,,1.4053421020507812,0.0032720565795898438,0.017004966735839844
6.259505675496771,5,10.593403353098243,3.3418799282753516e+167,4.449903900260696,,,1.379828929901123,0.002231121063232422,0.015391111373901367
33.5082517839557,7,12.296519680938342,7.745419801971034e+39,4.942389967473231,,,1.3502299785614014,0.003293752670288086,0.015202045440673828
13.13240165783748,6,67.4372093542301,6.755075445220708e+42,5.1805680082948,,,1.356928825378418,0.0025920867919921875,0.015722274780273438
54.04285794218782,6,14.44433284816416,1.508083305819256e+33,4.691030690387457,,,1.384653091430664,0.0027070045471191406,0.014824390411376953
12.313183999572683,5,5.982492953058653,4.3076576242511987e+30,4.274328770784804,,,1.3590021133422852,0.002167940139770508,0.015065193176269531
55.1714479582759,6,5.982492953058661,5.14192239296307e+27,4.274328770784803,,,1.3826720714569092,0.0027887821197509766,0.01740121841430664
17.216892663650764,6,15.179318772483612,3072713.1372169717,4.593958978111873,,,1.389571189880371,0.002747774124145508,0.016951799392700195
26.397069654301525,7,10.905463445138764,1.2132800127583269e+25,4.649948997512026,,,1.3823459148406982,0.0031690597534179688,0.01509404182434082
10.514525941302796,7,12.613050248367944,4.527287639033979e+39,4.8178189132614415,,,1.3802659511566162,0.003030061721801758,0.01645207405090332
12.296519680938335,7,12.296519680938346,2.2215023482409243e+40,4.942389967473231,,,1.356112003326416,0.0031180381774902344,0.015369892120361328
10.467991823376629,9,10.467991823376636,2.953968648203254e+37,4.700965763117645,,,1.3826251029968262,0.0066068172454833984,0.01530599594116211
7.917758380306511,7,7.917758380306509,2.90053952748824e+21,4.721285511788546,,,1.3658781051635742,0.0033218860626220703,0.017430782318115234
