Losses,Support Cardinalities (Basis Pursuit),Two-Stage Losses,Random Two-Stage Losses,Greedy Multitask Norms (Two-Stage),Brute Isometry Losses,Brute Losses,Basis Pursuit Times,Stage Two Times,Greedy Times
6.157069385505271,18,6.177864072049129,7.08207206558665,6.825361916677129,,,2.149998188018799,0.6259889602661133,0.02681708335876465
6.144174990832454,17,6.14607022863959,7.284281768026556,6.784778485482703,,,2.149712085723877,0.41972994804382324,0.023514270782470703
6.109593555514366,17,6.158991103030441,7.2977938783387195,7.08730105772629,,,2.1321470737457275,0.428192138671875,0.02402186393737793
6.129281650388412,20,6.123487415709319,7.244261859112768,6.928791939513721,,,2.6293509006500244,1.6145281791687012,0.026018857955932617
6.106631960597798,16,6.134302325624114,7.174601614867935,6.914844080344966,,,2.672837734222412,0.37703704833984375,0.03778195381164551
6.088294391449197,20,6.1215434223924845,7.295876358110027,6.8859687259704625,,,2.700828790664673,1.4596538543701172,0.034799814224243164
6.130166749862573,15,6.16078259775507,6.938657809312247,6.809527727046925,,,2.416712999343872,0.18446993827819824,0.03138089179992676
6.160408698810808,19,6.145270046047155,7.273430946504458,6.649169828081667,,,2.384739875793457,1.0750577449798584,0.033258914947509766
6.0956923662802565,19,6.0956923662802565,7.208502958054183,6.6489680321614,,,2.6586318016052246,1.0000240802764893,0.03787398338317871
6.107439339198627,19,6.092528149173788,7.101968513563604,6.894542638387795,,,2.458455801010132,1.0237419605255127,0.02553701400756836
6.084373529474114,17,6.148181917729984,7.049384107209711,7.134141507379814,,,2.4545159339904785,0.4576749801635742,0.024969100952148438
6.153394130163964,17,6.175737433006773,7.17381606441956,6.805933430471286,,,2.4500370025634766,0.4369490146636963,0.030577898025512695
6.153125586755327,19,6.150655967298773,7.131968703875382,6.981669608546291,,,2.4212450981140137,0.9704799652099609,0.04884696006774902
6.133416043906731,15,6.148342675517819,6.938828518094366,6.624211609881166,,,2.379127025604248,0.16373467445373535,0.03814196586608887
6.132823551937176,17,6.161114341477859,7.509216067195705,6.949748862834745,,,2.3721718788146973,0.45166611671447754,0.022835969924926758
6.1318436980919016,19,6.149419805167799,7.298757726612806,6.835025235152399,,,2.402970790863037,0.8933560848236084,0.026248931884765625
6.158933759893932,18,6.181660538853565,7.527099250811979,6.612988759025167,,,2.255758762359619,0.603989839553833,0.02352309226989746
6.1469990229689015,18,6.163154509715929,7.295493165385661,6.859166308471853,,,2.217438220977783,0.6040360927581787,0.025530099868774414
6.10885450586683,18,6.138456759038749,7.229200933815782,6.636233136817079,,,2.187373161315918,0.6081230640411377,0.021645069122314453
6.131055609268375,19,6.122632011516888,7.322246598864075,6.974120991705065,,,2.1810591220855713,0.8999447822570801,0.022648096084594727
6.135574333141078,18,6.133434961369431,7.520710198097107,6.89997390429389,,,2.21159291267395,0.6084840297698975,0.026646852493286133
6.142337852153059,18,6.163722858366515,7.3343796933545935,6.784719479253571,,,2.1845219135284424,0.6184780597686768,0.023664236068725586
6.145648194733026,18,6.183179712169094,7.071333291372695,6.721946433544527,,,2.177098035812378,0.6063158512115479,0.023263931274414062
6.120468769466535,18,6.11817129335344,7.2564172658604384,7.273552765529493,,,2.201810121536255,0.6430892944335938,0.024868011474609375
6.112227223794916,20,6.150896685699175,7.1615130246210725,6.992268209765074,,,2.223217248916626,1.275723934173584,0.023595094680786133
