Losses,Support Cardinalities (Basis Pursuit),Two-Stage Losses,Random Two-Stage Losses,Greedy Multitask Norms (Two-Stage),Brute Isometry Losses,Brute Losses,Basis Pursuit Times,Stage Two Times,Greedy Times
3319.8212337234795,8,318811806824.501,1.4094451432601635e+62,34.16161629768101,,,2.6546878814697266,0.004342079162597656,0.024286985397338867
2194.7739427282895,8,1084632405909900.5,3.9011799971914067e+127,42.571649224872836,,,2.6790049076080322,0.003635883331298828,0.027811288833618164
565.3299898656929,7,24832.154088547344,4.757029411108535e+90,22.795453663388592,,,2.6592211723327637,0.002443075180053711,0.03554892539978027
799.0388501537942,7,80287275.08646004,3.568319457121698e+40,21.807024365738155,,,3.547440767288208,0.0026831626892089844,0.03131270408630371
332.95482717669597,7,3959.0671709902763,1.3772329076983758e+72,23.77502032134205,,,3.4724810123443604,0.004065990447998047,0.03125286102294922
912.241891345235,8,30523564.64102249,4.1172730858825836e+57,21.651542463749713,,,3.4781620502471924,0.005470991134643555,0.03609180450439453
3576.6049368552904,9,1.3838237177353864e+16,1.1357532557435213e+66,25.163445701596977,,,3.2577898502349854,0.006891012191772461,0.029497861862182617
270197.0477568456,9,77235677.11347707,2.735235023529478e+64,22.10050062167517,,,3.002326011657715,0.006802797317504883,0.030411958694458008
362.5335146226322,7,8.814775237811077e+18,2.8001276559842723e+66,50.32739590904916,,,3.1522209644317627,0.0022401809692382812,0.03289175033569336
770.0659522673257,9,706.9847040876957,2.588894438552266e+68,20.856740517906573,,,2.8088538646698,0.006735086441040039,0.027121782302856445
212.5364399240384,10,482241700.7233727,4.39083874119718e+76,21.20283119397279,,,2.9083430767059326,0.012170076370239258,0.024853944778442383
334542.05206350575,7,5.593329650686742e+23,4.8718649269646863e+89,41.78146332725039,,,3.003265857696533,0.002405881881713867,0.02943897247314453
4826.906787232116,8,4826.906787232151,2.359253495563378e+55,25.664161338835264,,,2.9803900718688965,0.0052297115325927734,0.02898883819580078
137304.07836179124,7,2641299019749.988,3.864999408480643e+142,52.96479372216508,,,2.786884069442749,0.002276897430419922,0.026005029678344727
253052.7278481749,8,89269.72518180351,1.021345637188868e+59,22.640219370748923,,,2.837261915206909,0.0048980712890625,0.02709507942199707
5300.763774634601,7,5300.763774634626,8.9512668589861e+47,62.62030077143326,,,2.7562031745910645,0.003340005874633789,0.026980876922607422
54384.420031980495,6,2.2323221277985676e+56,6.967317295700413e+80,30.446453111715936,,,3.1820590496063232,0.0028028488159179688,0.029597759246826172
5589.958707837181,8,30372.982944863103,1.1532451611667021e+70,32.74775591822568,,,2.8125157356262207,0.003720998764038086,0.031362056732177734
1399.0453658096105,8,2846279.686087015,2.925572923084637e+95,24.595561960583236,,,2.9318039417266846,0.0031630992889404297,0.027040958404541016
6258.000737671457,8,24832.154088547737,3.8501395206600226e+60,22.795453663388596,,,2.8056559562683105,0.004104137420654297,0.02753615379333496
22718.429251520607,6,272106867.1692166,inf,26.380919502069233,,,2.8758888244628906,0.0026628971099853516,0.028050899505615234
5404.952719981567,8,916999836013.6721,2.546251279205081e+63,37.27281991105265,,,2.899610996246338,0.00409388542175293,0.027476072311401367
32168.879314267604,8,32880.2034602948,3.9935944965220874e+55,48.851014440391346,,,2.8785390853881836,0.004249095916748047,0.03227519989013672
9694.928107869333,6,205418.5007035828,inf,29.409838709911597,,,3.039238214492798,0.002810955047607422,0.030675888061523438
1399.0453658096105,9,3539.6955616556465,3.557179423813356e+51,25.243784056674915,,,2.9662699699401855,0.006023883819580078,0.0294950008392334
