Losses,Support Cardinalities (Basis Pursuit),Two-Stage Losses,Random Two-Stage Losses,Greedy Multitask Norms (Two-Stage),Brute Isometry Losses,Brute Losses,Basis Pursuit Times,Stage Two Times,Greedy Times
5.075669332389478,12,5.0545980891121705,5.688730690320371,5.456541701830909,,,1.7351422309875488,0.033093929290771484,0.018102169036865234
5.033219575195711,13,5.038169863804239,5.988196796857598,5.284300225019958,,,1.7638459205627441,0.047740936279296875,0.024651050567626953
5.060051402346465,12,5.058382021877344,5.776875547483105,5.460591821319342,,,1.772409200668335,0.030596256256103516,0.02050042152404785
5.048965517218122,14,5.045386513513627,5.86127300282385,5.513086929372981,,,1.7465689182281494,0.0748739242553711,0.019151926040649414
5.043296065336265,14,5.039766354385596,5.887624378681022,5.541224321109304,,,1.774785041809082,0.0719459056854248,0.021991252899169922
5.040842335430987,13,5.040842335430987,5.7556111623812045,5.355218838639887,,,1.766981840133667,0.04700899124145508,0.020675182342529297
5.063822088007907,14,5.046264385180098,5.697007881328265,5.322630567099663,,,1.7832472324371338,0.07367181777954102,0.022861957550048828
5.067922902468457,15,5.070233335876907,5.859214081702122,5.4572130180576455,,,1.7741587162017822,0.10552000999450684,0.020411014556884766
5.049883396168545,14,5.0532339478992405,5.7542357829396575,5.495390212118947,,,1.747344970703125,0.09109616279602051,0.02010488510131836
5.044556347718211,14,5.044830063018213,5.810164205010556,5.4304048325396685,,,1.808298110961914,0.075836181640625,0.01988506317138672
5.044556347718211,12,5.044830063018213,5.682212730348843,5.4304048325396685,,,1.7868969440460205,0.02999114990234375,0.020164012908935547
5.0818871535707295,14,5.065423564751842,5.841946803986447,5.410210194216137,,,1.7595200538635254,0.07326602935791016,0.020580053329467773
5.0825360365028205,14,5.100932855800179,5.735105509217647,5.4210112600971945,,,1.8141469955444336,0.07297897338867188,0.022922039031982422
5.063684792536653,13,5.059170330303491,5.655073265927351,5.29050774090481,,,1.7823381423950195,0.05116868019104004,0.022316932678222656
5.064765024053298,14,5.039280175727212,6.180161626100602,5.490000955960323,,,1.7726218700408936,0.06974506378173828,0.0212252140045166
5.057706438153989,14,5.0639761766699705,5.937332776835365,5.34677258729504,,,1.757965087890625,0.07271409034729004,0.022213220596313477
5.065594011273969,14,5.062949102061534,6.098316339093879,5.424250327913048,,,1.7604689598083496,0.07159900665283203,0.023571014404296875
5.062101480085998,13,5.054718990330686,5.735562241615142,5.419147311267104,,,1.7787001132965088,0.0475618839263916,0.021558046340942383
5.063840955178676,14,5.039280175727212,5.864917855201039,5.51308692937298,,,1.7541601657867432,0.07238078117370605,0.02045607566833496
5.070789265955616,15,5.057018814616005,5.871104390005399,5.419147311267105,,,1.7684390544891357,0.0969400405883789,0.019835948944091797
5.060114622031953,14,5.057018814616005,5.982094389994012,5.314286550338573,,,1.7923460006713867,0.0726020336151123,0.01952195167541504
5.044737190527739,14,5.053572081216821,5.7779332489505215,5.560701725556749,,,1.8173739910125732,0.07315993309020996,0.02329397201538086
5.075323523706448,14,5.076630558203722,5.761460485309479,5.329687763955622,,,1.7801389694213867,0.0711820125579834,0.01995682716369629
5.074931050326455,14,5.071578646449354,5.824748340454579,5.523613346216271,,,1.7943239212036133,0.07042407989501953,0.018657922744750977
5.062689576606353,13,5.047406249080196,5.643134419129184,5.634960967297876,,,1.7916221618652344,0.0449681282043457,0.02242302894592285
