Losses,Support Cardinalities (Basis Pursuit),Two-Stage Losses,Random Two-Stage Losses,Greedy Multitask Norms (Two-Stage),Brute Isometry Losses,Brute Losses,Basis Pursuit Times,Stage Two Times,Greedy Times
625.1462959596727,16,627.7166558951816,4775.454030962018,411.53245370087694,610.2123133560178,411.53245370087694,0.00991678237915039,0.03186202049255371,0.015835046768188477
217.86004281788996,15,202.42260494497842,876.3228645560677,237.60832421808226,202.42260494497842,237.60832421808226,1.5392951965332031,0.007850885391235352,0.009522199630737305
564.163812537509,15,494.1044319662397,4517.98921820822,284.8350802789191,494.1044319662397,284.8350802789191,1.5358972549438477,0.008025169372558594,0.010534286499023438
192.18209788222003,17,192.18209788221998,1913.9977634161849,252.22736053814668,192.18209788221998,252.22736053814668,0.02215886116027832,0.11207008361816406,0.009979009628295898
256.51610798141814,14,256.51610798141775,1524.3864768590115,250.48951149292978,256.51610798141775,250.48951149292978,0.01324605941772461,0.003094196319580078,0.013015031814575195
410.0338825764558,14,438.07665839923084,675191.6839542395,203.14836263328138,410.0338825764558,203.14836263328138,1.6589860916137695,0.003103017807006836,0.012734174728393555
228.3815559962441,14,228.38155599624423,424.31294954414267,230.0268367810743,227.5112491891292,230.0268367810743,0.01856684684753418,0.002989053726196289,0.008753299713134766
216.174102089134,16,216.17410208913407,1918.433726701449,262.13054577806,216.17410208913407,262.13054577806,1.675011157989502,0.02627873420715332,0.009930849075317383
208.210453539228,15,208.21045353922773,908.1570517593572,250.8047517215101,208.21045353922773,250.8047517215101,1.6908879280090332,0.0070667266845703125,0.03049325942993164
587.8784299063764,15,514.0042050012679,1904.2951198277678,317.04088225862426,514.0042050012679,317.04088225862426,0.013273954391479492,0.006315946578979492,0.009070634841918945
492.4779619492243,15,461.0182941610251,3195.120870409541,390.71590503894436,461.0182941610251,390.71590503894436,0.013188838958740234,0.006539106369018555,0.009946107864379883
217.38833110138805,16,217.3883311013884,1725.242283792854,177.696890194881,207.2877005591574,177.696890194881,1.7375078201293945,0.029363155364990234,0.011902809143066406
545.6339474215613,17,545.6339474215606,4572.786747806528,405.66603179046115,545.6339474215606,405.66603179046115,0.01671290397644043,0.1279590129852295,0.012453794479370117
455.0815189291335,17,411.5981888592306,1324.9031570058355,470.98302941008194,411.5981888592306,470.98302941008194,0.01783299446105957,0.10910582542419434,0.012516975402832031
892.8626462950708,16,585.7578978901819,2225.856507191326,347.8076719980887,559.8706783646423,347.8076719980887,1.6810240745544434,0.030705928802490234,0.010281085968017578
254.3844954309982,15,254.38449543099796,970.5062843074892,252.43012213679646,254.38449543099796,252.43012213679646,1.5574407577514648,0.0073070526123046875,0.010214090347290039
1536.531560743742,16,1618.3043081301284,12866.331335995808,406.9094618637433,1412.7495392169467,406.9094618637433,1.5879511833190918,0.030594825744628906,0.009002923965454102
502.63929358818024,17,488.7395991348146,2917.1186390435414,410.2440334516719,488.7395991348146,410.2440334516719,1.5416338443756104,0.10657191276550293,0.010520219802856445
457.3949242300747,17,320.0808373575252,1642.088898907052,370.545870473845,320.0808373575252,370.545870473845,1.4833757877349854,0.1080477237701416,0.01069021224975586
302.2980279111141,16,302.2980279111137,1511.5953132056227,275.8345826883363,302.2980279111137,275.8345826883363,0.22809290885925293,0.029958009719848633,0.012166976928710938
375.59607846848064,14,375.5960784684809,6208112738259132.0,280.6654849841657,364.6154378161641,280.6654849841657,0.011993885040283203,0.0030770301818847656,0.008970975875854492
436.53089592509644,16,436.5308959250966,3293.5349560576037,322.7529058319033,436.5308959250966,322.7529058319033,1.5564632415771484,0.028979778289794922,0.00827789306640625
392.203276340528,16,392.20327634052774,4299.168458085659,256.80991197673023,392.20327634052774,256.80991197673023,0.01214909553527832,0.031565189361572266,0.008779048919677734
451.4888506061808,16,437.3094671909227,1384.4281902287541,322.83702988658246,428.2204489061047,322.83702988658246,1.6140120029449463,0.02742600440979004,0.007714271545410156
409.0793367909602,15,305.48558016122536,1843.7697914310108,233.36030288987445,305.48558016122536,233.36030288987445,1.6206450462341309,0.0070650577545166016,0.010066032409667969
