Losses,Support Cardinalities (Basis Pursuit),Two-Stage Losses,Random Two-Stage Losses,Greedy Multitask Norms (Two-Stage),Brute Isometry Losses,Brute Losses,Basis Pursuit Times,Stage Two Times,Greedy Times
4.0224024247003545,9,4.018252959267131,4.422528366711358,4.216164403604262,,,1.5357780456542969,0.0071299076080322266,0.016597986221313477
4.03574021256362,10,4.018252959267131,4.590442938866805,4.216164403604262,,,1.380194902420044,0.010473966598510742,0.01872992515563965
4.037359687151776,9,4.014291550468978,4.550662841369453,4.19265851591688,,,1.3785507678985596,0.006989955902099609,0.027554750442504883
4.029062166040593,10,4.014291550468978,4.337806482658054,4.164499580624838,,,1.3713090419769287,0.009860754013061523,0.01866888999938965
4.017155485590425,10,4.017155485590425,4.423864264268818,4.21195272342271,,,1.3704450130462646,0.011661767959594727,0.020295143127441406
4.028012419736914,10,4.015180074362234,4.453097266932668,4.251530603125776,,,1.3501040935516357,0.011097192764282227,0.019485950469970703
4.030316643920208,10,4.01229248339918,4.393202410552843,4.19265851591688,,,1.3586399555206299,0.011275053024291992,0.018678903579711914
4.028280547767575,9,4.0166143846990785,4.494619914272755,4.084015069882476,,,1.364664077758789,0.0070879459381103516,0.017782926559448242
4.037044869441579,10,4.017791314528174,4.506364165531643,4.09585650311112,,,1.3763508796691895,0.010782003402709961,0.017578840255737305
4.02398422483848,9,4.0143115202136554,4.541131095948223,4.161553435731584,,,1.3583989143371582,0.0068359375,0.017222881317138672
4.028012419736914,10,4.023792409287813,4.378046812792492,4.218067915057343,,,1.359112024307251,0.010727882385253906,0.015848875045776367
4.026002333738357,9,4.026002333738357,4.42184822678308,4.4005719483826775,,,1.3451151847839355,0.00709986686706543,0.01807403564453125
4.05532779165199,9,4.052099912827254,4.494527504390074,4.325112402920585,,,1.3653550148010254,0.008322954177856445,0.017260074615478516
4.015180074362234,9,4.015012088049923,4.434973646783648,4.1833964993704615,,,1.3465237617492676,0.0071868896484375,0.017816781997680664
4.049364750452959,9,4.02863606764219,4.518099627249615,4.286086155403516,,,1.3656136989593506,0.009262800216674805,0.017004013061523438
4.02582816081684,9,4.0288717612480145,4.642385534447878,4.218446407257787,,,1.3626830577850342,0.007908105850219727,0.01758718490600586
4.039047432581731,10,4.034404161181342,4.592563594046624,4.286951487073452,,,1.3563001155853271,0.01096034049987793,0.016775131225585938
4.028012419736914,10,4.015180074362235,4.519853279825408,4.251530603125777,,,1.3615291118621826,0.010245084762573242,0.017156124114990234
4.034285430517756,10,4.022873365395967,4.511330936872974,4.321060317793231,,,1.3568367958068848,0.012479066848754883,0.017590999603271484
4.037359687151776,9,4.013072817839815,4.235230273609817,4.199926201060045,,,1.3708999156951904,0.007179975509643555,0.016953229904174805
4.0334974507965535,10,4.026571900376578,4.725937167187498,4.296929664380851,,,1.3429157733917236,0.010821104049682617,0.0180361270904541
4.026561281234587,10,4.02330766946584,4.437611972790798,4.28053218365389,,,1.3628101348876953,0.01052093505859375,0.016412973403930664
4.031327681541147,10,4.032128482867595,4.460793668912223,4.343391188678838,,,1.381828784942627,0.010396003723144531,0.01789116859436035
4.023792409287812,10,4.026002333738357,4.486435596777761,4.213647643002237,,,1.3681731224060059,0.010828018188476562,0.02044081687927246
4.017155485590425,10,4.020172483796552,4.331748172168786,4.350331374791985,,,1.347477912902832,0.011837244033813477,0.017383337020874023
