Losses,Support Cardinalities (Basis Pursuit),Two-Stage Losses,Random Two-Stage Losses,Greedy Multitask Norms (Two-Stage),Brute Isometry Losses,Brute Losses,Basis Pursuit Times,Stage Two Times,Greedy Times
1.2636135372588486e+214,5,inf,inf,25.99767239315022,,,2.187021255493164,0.002357006072998047,0.02257823944091797
3.970615956446248e+32,5,inf,inf,42.431145713803744,,,1.8996140956878662,0.0027022361755371094,0.0234987735748291
2.9788561382685186e+136,6,inf,inf,26.0811088821994,,,2.0975301265716553,0.002292156219482422,0.024013042449951172
1.0435057760866015e+75,5,inf,inf,19.20060763103481,,,1.799128770828247,0.0022869110107421875,0.02510690689086914
6.335893297761509e+141,5,3.637326347813447e+231,inf,35.88798911474452,,,1.9817290306091309,0.001965761184692383,0.02291131019592285
3.073807849079547e+39,5,inf,inf,50.11006032971031,,,2.044422149658203,0.002318143844604492,0.025761127471923828
5.07600985392968e+206,5,inf,inf,62.77960910691988,,,1.9617130756378174,0.00214385986328125,0.025883913040161133
5.635073246155053e+130,5,inf,inf,45.25178767309714,,,1.8993778228759766,0.002073049545288086,0.0297091007232666
4.715787914591169e+60,5,inf,inf,362.75395263865744,,,0.028896093368530273,0.0040781497955322266,0.024570703506469727
4.771560476588008e+56,5,inf,inf,10.567059860459603,,,1.9467189311981201,0.0023758411407470703,0.0257570743560791
4.771560476588008e+56,5,inf,inf,23.2685751604515,,,2.023010015487671,0.002405881881713867,0.04848527908325195
3.6802792807228536e+215,5,inf,inf,48157.018256066556,,,1.8651273250579834,0.002244710922241211,0.024207115173339844
4.4469037295178767e+133,5,inf,inf,3583.166948853608,,,1.9808337688446045,0.0024061203002929688,0.02320098876953125
2.900309065373692e+206,5,inf,inf,7242.219274391109,,,1.8278450965881348,0.0023818016052246094,0.024255990982055664
1.5109554533451924e+180,5,9.65045375046857e+301,inf,28.462741707238926,,,1.9867980480194092,0.0020956993103027344,0.02635812759399414
2.5957162320544197e+115,6,inf,inf,239402.26584871137,,,1.9489898681640625,0.0022029876708984375,0.0248410701751709
1.5667264296690106e+87,5,inf,inf,55.32892506669047,,,1.9662609100341797,0.0018811225891113281,0.022236108779907227
1.0123682267849523e+112,5,inf,inf,8.641921667681821,,,1.7406342029571533,0.0020329952239990234,0.026191234588623047
1.8116081582206696e+175,5,inf,inf,11.950810904622799,,,2.2611262798309326,0.001978158950805664,0.02428293228149414
8.248867717077553e+107,5,inf,inf,18.953209140882407,,,2.4170050621032715,0.002088308334350586,0.02678394317626953
1.3688467292661346e+51,5,inf,inf,217.9807732160826,,,1.7125718593597412,0.002482891082763672,0.026997089385986328
1.498706065152555e+78,5,inf,inf,41.29269435364006,,,1.877349853515625,0.0021500587463378906,0.022394180297851562
3.4201667618869813e+154,5,inf,inf,18.953209140882407,,,2.1050350666046143,0.0025310516357421875,0.02362513542175293
9.913672499468834e+184,5,inf,inf,44.64244300529729,,,2.2556068897247314,0.0022280216217041016,0.028834819793701172
2.884449862870755e+33,5,inf,inf,47.23786318780049,,,2.012082815170288,0.0028400421142578125,0.02440500259399414
