Losses,Support Cardinalities (Basis Pursuit),Two-Stage Losses,Random Two-Stage Losses,Greedy Multitask Norms (Two-Stage),Brute Isometry Losses,Brute Losses,Basis Pursuit Times,Stage Two Times,Greedy Times
7.979011846851625,15,7.695073332173572,104.71976476707647,8.616184649292213,,,2.321455717086792,0.18434405326843262,0.021430015563964844
7.838743179837409,12,7.838743179837406,173.81990833764047,8.780254697834213,,,2.238190174102783,0.031215906143188477,0.0243988037109375
7.33560569999662,14,7.335605699996621,177.9042943019575,8.403438225478922,,,2.3303720951080322,0.0982673168182373,0.021850109100341797
7.687302315934482,13,7.4325133841009,72.93369263022032,8.350009626432623,,,2.3008267879486084,0.06754708290100098,0.0211331844329834
7.27013376385509,12,7.270133763855089,64.84400957824653,8.51183347833706,,,2.2980289459228516,0.03310275077819824,0.02262401580810547
7.095277963721783,13,7.095277963721783,95.01430216433663,7.845971937714029,,,2.4037609100341797,0.05622291564941406,0.020173072814941406
7.733254090312583,14,7.486662017736627,180.91484900914583,8.407593773185548,,,2.2864348888397217,0.10459375381469727,0.02203226089477539
8.14679507921046,13,7.571076876041783,73.10159141053468,8.27641037820161,,,2.3278629779815674,0.062077999114990234,0.022912025451660156
7.15237167442648,11,7.1523716744264805,111.14674361279006,7.686143024600067,,,2.3493900299072266,0.01926589012145996,0.02439403533935547
7.3206434251888295,13,7.1164037651827,73.11635395037979,7.847952676152527,,,2.356313705444336,0.05942702293395996,0.02301311492919922
7.031538048477563,11,7.031538048477563,61.23011911758287,7.707102411196148,,,2.310094118118286,0.018976211547851562,0.03806424140930176
8.106464259197148,17,7.903519596411406,129.50116951303892,8.724005040429926,,,2.245270013809204,0.4536309242248535,0.02467203140258789
8.087520727668739,15,7.8877782065436435,118.98632771540768,8.929185018426027,,,2.2902731895446777,0.16018986701965332,0.023125171661376953
7.72426823612031,16,7.72426823612031,64.6066543939457,8.888866762640315,,,2.3641252517700195,0.2631368637084961,0.021738052368164062
7.715031902354321,15,7.6700148942074735,472.6757911530121,8.724232002547433,,,2.322033166885376,0.16442012786865234,0.022402048110961914
7.744464601247566,14,7.744464601247568,104.22058459418598,8.659499988448063,,,2.402843952178955,0.11118578910827637,0.02339315414428711
8.130253336539273,13,8.130253336539276,148.8633307085473,9.405429953197865,,,2.360942840576172,0.06666111946105957,0.024263858795166016
7.905169584696753,15,7.794801346734616,107.83989102599115,9.109094231680604,,,2.2623207569122314,0.16558599472045898,0.027199983596801758
7.34260845424058,12,7.3426084542405805,126.17522017563302,8.438009714615083,,,2.498225212097168,0.034705162048339844,0.02156686782836914
7.8343332991365155,12,7.622479915764527,48.35822981368288,8.388176409256456,,,2.26007080078125,0.034510135650634766,0.022938013076782227
7.842356869743607,12,7.557130403053387,140.25813672071916,8.421317154611552,,,2.383167266845703,0.033616065979003906,0.022359132766723633
7.7958370898587805,14,7.764412372342632,106.14502815670137,8.878597707633398,,,2.2552402019500732,0.10901999473571777,0.021573305130004883
7.852648427503473,15,7.845080950208683,58.87183911135689,8.803483805604682,,,2.2685139179229736,0.18721723556518555,0.024410009384155273
7.505795159571942,13,7.505795159571943,95.18909392232545,8.619502507728429,,,2.4436538219451904,0.06087517738342285,0.023334980010986328
7.589203558149741,13,7.34260845424058,49.109677615963435,8.438009714615081,,,2.3175511360168457,0.061467885971069336,0.021919965744018555
