Losses,Support Cardinalities (Basis Pursuit),Two-Stage Losses,Random Two-Stage Losses,Greedy Multitask Norms (Two-Stage),Brute Isometry Losses,Brute Losses,Basis Pursuit Times,Stage Two Times,Greedy Times
6.015181454761316,20,6.018688210530863,6.102147218299017,6.581439011833705,,,2.5418577194213867,1.5453429222106934,0.023392200469970703
6.0140469210273775,20,6.01556525754065,6.135075689394848,6.543539319448611,,,2.4883618354797363,1.5770831108093262,0.028123855590820312
6.010759070006243,19,6.017735701375061,6.127555757658806,6.426063230795298,,,2.637786865234375,1.0322329998016357,0.030813932418823242
6.012595693566151,21,6.012933504347335,6.112518275062914,6.418955329079061,,,2.4603612422943115,2.1060588359832764,0.026684045791625977
6.010489157096717,16,6.022398713300297,6.102022327515353,6.508476459141224,,,2.5724782943725586,0.2928199768066406,0.023025989532470703
6.008658336438747,20,6.015739219831124,6.1116917980881915,6.621861846187291,,,2.352370023727417,1.377054214477539,0.024538040161132812
6.012595153727671,19,6.016121256357058,6.090343260608339,6.7182513839858204,,,2.390923023223877,0.9743900299072266,0.031558990478515625
6.015496381645427,19,6.0191570847558715,6.110153349513601,6.698654180570856,,,2.3464670181274414,0.9798460006713867,0.02903604507446289
6.009403086424995,19,6.014054398277937,6.103487342297818,6.732724666854345,,,2.3197901248931885,0.9761970043182373,0.027376174926757812
6.010544381859832,20,6.009094187172043,6.098597514480607,6.479705964028757,,,2.4639880657196045,1.4397759437561035,0.025828838348388672
6.008283714578032,20,6.014434249160919,6.104469986633227,6.685605264373239,,,2.409649133682251,1.389491081237793,0.02891230583190918
6.0148291709117325,20,6.015905379127272,6.111858092808879,6.676789147152004,,,2.624171018600464,1.5730838775634766,0.03827500343322754
6.0149034312004925,18,6.017286564281273,6.0964384301095516,6.811984285908414,,,2.6088221073150635,0.6850991249084473,0.026719093322753906
6.013035847958257,20,6.014462486274324,6.110836028412878,6.575421438992621,,,3.2556660175323486,2.3173248767852783,0.030551910400390625
6.012871216570378,19,6.016635951433748,6.146036075555884,6.604746609465676,,,3.092226028442383,1.2531781196594238,0.031939029693603516
6.012854031075311,19,6.0159044007624916,6.112340846911645,6.387689508948348,,,2.650465965270996,1.0147230625152588,0.02973484992980957
6.015478363734203,20,6.021044810835117,6.134902128252277,6.3333723606316905,,,2.37111496925354,1.396665096282959,0.025690078735351562
6.0143558950245195,18,6.016505045166552,6.111822487407659,6.382831740587799,,,2.5479860305786133,0.7090880870819092,0.024168968200683594
6.010676185966112,19,6.0207530571282595,6.106649913277063,6.381839692482921,,,2.4119858741760254,1.1813499927520752,0.030438899993896484
6.012729895101367,21,6.0160314566850825,6.123225676546305,6.729052252304181,,,2.3865818977355957,2.0202059745788574,0.026121854782104492
6.013074106506416,20,6.012959113393865,6.134849979187614,6.698120011760984,,,2.575676918029785,1.4691169261932373,0.028049945831298828
6.013932584778956,20,6.017051079938231,6.12603644551275,6.2024523616817655,,,2.546734094619751,1.433851957321167,0.024250030517578125
6.01424891357817,20,6.015790598910572,6.1002705290193955,6.503353102331969,,,2.506582021713257,1.4376988410949707,0.029674053192138672
6.011484637348289,19,6.013800420639135,6.109873858191904,6.63242772651391,,,2.371866226196289,1.0442519187927246,0.02981877326965332
6.010890987013545,17,6.019513515380318,6.086077653143119,6.753804177051266,,,2.378361225128174,0.4331700801849365,0.023566246032714844
