Losses,Support Cardinalities (Basis Pursuit),Two-Stage Losses,Random Two-Stage Losses,Greedy Multitask Norms (Two-Stage),Brute Isometry Losses,Brute Losses,Basis Pursuit Times,Stage Two Times,Greedy Times
239.95383810706926,8,65.56636517361393,4.5001731300810847e+42,7.807536794618912,,,1.7842707633972168,0.0037119388580322266,0.019371986389160156
16.04206353049266,8,16.042063530492648,8.067543783860821e+124,7.501575030366717,,,1.822998046875,0.004145145416259766,0.01951003074645996
109.75117537158425,8,38.35170212579598,4.202349691296512e+68,7.90293350431585,,,1.7979912757873535,0.003991127014160156,0.019449949264526367
25.900484700510578,8,54.03115185091877,7.678308944760022e+32,7.300922564836438,,,1.7918221950531006,0.004052162170410156,0.02072596549987793
100.3245728914927,7,17.55705039612843,7.646541201213068e+58,6.718895252594401,,,1.779222011566162,0.002796173095703125,0.01942610740661621
21.882020193046944,8,21.88202019304697,7.6260104653593e+53,7.228390662825329,,,1.7603461742401123,0.0036940574645996094,0.02017521858215332
303.20452953344403,5,21.14256394210951,5.8763420543652344e+16,6.730836597295846,,,1.7419078350067139,0.0019409656524658203,0.019341230392456055
113.95731655652723,6,73.72537821725868,3.491005959013143e+53,7.546714250200978,,,1.7573051452636719,0.002118349075317383,0.022849082946777344
44.70156560687017,6,44.70156560687016,4.473799500992081e+43,7.690403438257276,,,1.7321550846099854,0.002129793167114258,0.022330045700073242
30.655352855157908,8,21.349441742833484,2.540156303989608e+56,6.802589239374643,,,1.8266260623931885,0.0038328170776367188,0.02256298065185547
30.655352855157908,8,21.34944174283345,1.7742403094939475e+61,6.950878474357836,,,1.7682468891143799,0.004164218902587891,0.01844501495361328
269.3963870820894,5,11805939362399.316,1.0187476880128757e+86,10.335012616239833,,,1.843303918838501,0.002469301223754883,0.017908334732055664
127.71673765058878,6,127.71673765059015,3.7059205935101e+23,8.790255855762943,,,1.7417588233947754,0.002104043960571289,0.02166891098022461
265.87796864793694,7,537.9278715372137,1.1813167188247853e+46,10.128829143874523,,,1.8396620750427246,0.0029020309448242188,0.021404027938842773
167.53083856237146,6,523.3819279728534,3.1485348060683485e+88,6.8356647311682766,,,1.8273448944091797,0.002173900604248047,0.020151138305664062
75.13116846074162,8,157.65159334357548,5.142502385228767e+66,15.27103632470103,,,1.7426512241363525,0.0036568641662597656,0.021826982498168945
64.027805549837,8,99.59062244311625,2.1135397702041417e+56,10.839659337572325,,,1.7770178318023682,0.004256010055541992,0.01985311508178711
101.39301815894339,8,61.69691657335391,4.2423390070465256e+51,7.234160829414844,,,2.061136245727539,0.006925106048583984,0.02338695526123047
53.242011216657744,7,13454.155793225935,5.77880418258698e+50,7.6352272560433585,,,2.1425421237945557,0.0029120445251464844,0.023749113082885742
116.00082519133049,9,137.12679148600677,1.9168819220349791e+61,8.027251199846615,,,2.310021162033081,0.0070531368255615234,0.025257349014282227
34.124359283766864,6,1126968651.6645334,1.3472208174423984e+24,10.119998337361112,,,2.204857110977173,0.002259969711303711,0.02314615249633789
40.36393987580193,8,38.35170212579584,4.4854914814839564e+48,7.9029335043158495,,,2.0196049213409424,0.005294084548950195,0.02038097381591797
137.07524483861252,7,1003501.6005495175,8.424651534704474e+50,8.027251199846617,,,2.0333662033081055,0.002750873565673828,0.018948078155517578
186.65990303386135,8,356.977490244864,9.368925620221074e+32,8.571750238038119,,,1.8362641334533691,0.004288911819458008,0.02172994613647461
83.30714238133618,7,24.25632526577335,1.2238397319512521e+46,6.950878474357835,,,1.8714518547058105,0.004071950912475586,0.01910686492919922
