Losses,Support Cardinalities (Basis Pursuit),Two-Stage Losses,Random Two-Stage Losses,Greedy Multitask Norms (Two-Stage),Brute Isometry Losses,Brute Losses,Basis Pursuit Times,Stage Two Times,Greedy Times
6.015181454761316,20,6.018688210530863,6.102147218299017,6.581439011833705,,,2.348971128463745,1.325523853302002,0.019418954849243164
6.0140469210273775,20,6.01556525754065,6.135075689394848,6.543539319448611,,,2.3067710399627686,1.368114948272705,0.027179956436157227
6.010759070006243,19,6.017735701375061,6.127555757658806,6.426063230795298,,,2.684166193008423,1.075871229171753,0.026540040969848633
6.012595693566151,21,6.012933504347335,6.112518275062914,6.418955329079061,,,2.5459487438201904,2.0577080249786377,0.04269909858703613
6.010489157096717,16,6.022398713300297,6.102022327515353,6.508476459141224,,,2.2146120071411133,0.2653651237487793,0.03609490394592285
6.008658336438747,20,6.015739219831124,6.1116917980881915,6.621861846187291,,,2.6735990047454834,1.5984888076782227,0.02257680892944336
6.012595153727671,19,6.016121256357058,6.090343260608339,6.7182513839858204,,,2.4733500480651855,1.098203182220459,0.02722787857055664
6.015496381645427,19,6.0191570847558715,6.110153349513601,6.698654180570856,,,2.634443759918213,1.0735468864440918,0.03058624267578125
6.009403086424995,19,6.014054398277937,6.103487342297818,6.732724666854345,,,2.4014949798583984,1.1263859272003174,0.03131389617919922
6.010544381859832,20,6.009094187172043,6.098597514480607,6.479705964028757,,,2.5282580852508545,1.5580329895019531,0.030792951583862305
6.008283714578032,20,6.014434249160919,6.104469986633227,6.685605264373239,,,2.5964510440826416,1.5857739448547363,0.024979829788208008
6.0148291709117325,20,6.015905379127272,6.111858092808879,6.676789147152004,,,2.3486642837524414,1.4840121269226074,0.031071901321411133
6.0149034312004925,18,6.017286564281273,6.0964384301095516,6.811984285908414,,,2.500930070877075,0.6796767711639404,0.030072689056396484
6.013035847958257,20,6.014462486274324,6.110836028412878,6.575421438992621,,,2.4721662998199463,1.4865281581878662,0.024145126342773438
6.012871216570378,19,6.016635951433748,6.146036075555884,6.604746609465676,,,2.3973779678344727,0.9691781997680664,0.025816679000854492
6.012854031075311,19,6.0159044007624916,6.112340846911645,6.387689508948348,,,2.474353790283203,0.9669580459594727,0.024952173233032227
6.015478363734203,20,6.021044810835117,6.134902128252277,6.3333723606316905,,,2.513519763946533,1.4418768882751465,0.025929927825927734
6.0143558950245195,18,6.016505045166552,6.111822487407659,6.382831740587799,,,2.463620185852051,0.7012960910797119,0.024400949478149414
6.010676185966112,19,6.0207530571282595,6.106649913277063,6.381839692482921,,,2.4167990684509277,0.9619200229644775,0.02346181869506836
6.012729895101367,21,6.0160314566850825,6.123225676546305,6.729052252304181,,,2.594834804534912,2.1804871559143066,0.030269145965576172
6.013074106506416,20,6.012959113393865,6.134849979187614,6.698120011760984,,,2.424670934677124,1.6223411560058594,0.025799036026000977
6.013932584778956,20,6.017051079938231,6.12603644551275,6.2024523616817655,,,2.5434298515319824,1.5000078678131104,0.027359962463378906
6.01424891357817,20,6.015790598910572,6.1002705290193955,6.503353102331969,,,2.5745668411254883,1.5280189514160156,0.026364803314208984
6.011484637348289,19,6.013800420639135,6.109873858191904,6.63242772651391,,,2.508944272994995,0.977733850479126,0.0293428897857666
6.010890987013545,17,6.019513515380318,6.086077653143119,6.753804177051266,,,2.3389670848846436,0.43973493576049805,0.024554014205932617
