Losses,Support Cardinalities (Basis Pursuit),Two-Stage Losses,Random Two-Stage Losses,Greedy Multitask Norms (Two-Stage),Brute Isometry Losses,Brute Losses,Basis Pursuit Times,Stage Two Times,Greedy Times
7.979011846851625,15,7.695073332173572,104.71976476707647,8.616184649292213,,,2.310701847076416,0.1578049659729004,0.020754337310791016
7.838743179837409,12,7.838743179837406,173.81990833764047,8.780254697834213,,,2.2407801151275635,0.03395390510559082,0.020958900451660156
7.33560569999662,14,7.335605699996621,177.9042943019575,8.403438225478922,,,2.255368947982788,0.10439801216125488,0.023167133331298828
7.687302315934482,13,7.4325133841009,72.93369263022032,8.350009626432623,,,2.2827329635620117,0.0707540512084961,0.02156996726989746
7.27013376385509,12,7.270133763855089,64.84400957824653,8.51183347833706,,,2.2799489498138428,0.034417152404785156,0.021165132522583008
7.095277963721783,13,7.095277963721783,95.01430216433663,7.845971937714029,,,2.556818962097168,0.055624961853027344,0.024610042572021484
7.733254090312583,14,7.486662017736627,180.91484900914583,8.407593773185548,,,2.2491490840911865,0.0941309928894043,0.0228579044342041
8.14679507921046,13,7.571076876041783,73.10159141053468,8.27641037820161,,,2.239673137664795,0.05549883842468262,0.02170705795288086
7.15237167442648,11,7.1523716744264805,111.14674361279006,7.686143024600067,,,2.2677531242370605,0.018673181533813477,0.02094578742980957
7.3206434251888295,13,7.1164037651827,73.11635395037979,7.847952676152527,,,2.5209450721740723,0.06552600860595703,0.036805152893066406
7.031538048477563,11,7.031538048477563,61.23011911758287,7.707102411196148,,,2.3230538368225098,0.01661515235900879,0.02212214469909668
8.106464259197148,17,7.903519596411406,129.50116951303892,8.724005040429926,,,2.2129788398742676,0.38339900970458984,0.021831035614013672
8.087520727668739,15,7.8877782065436435,118.98632771540768,8.929185018426027,,,2.2883598804473877,0.17063093185424805,0.020587921142578125
7.72426823612031,16,7.72426823612031,64.6066543939457,8.888866762640315,,,2.439929962158203,0.2544078826904297,0.02196478843688965
7.715031902354321,15,7.6700148942074735,472.6757911530121,8.724232002547433,,,2.2475881576538086,0.17713212966918945,0.0196990966796875
7.744464601247566,14,7.744464601247568,104.22058459418598,8.659499988448063,,,2.3409647941589355,0.09466886520385742,0.020179033279418945
8.130253336539273,13,8.130253336539276,148.8633307085473,9.405429953197865,,,2.1881630420684814,0.05913805961608887,0.022039175033569336
7.905169584696753,15,7.794801346734616,107.83989102599115,9.109094231680604,,,2.177222967147827,0.15900683403015137,0.021359682083129883
7.34260845424058,12,7.3426084542405805,126.17522017563302,8.438009714615083,,,2.327544927597046,0.02935791015625,0.01998591423034668
7.8343332991365155,12,7.622479915764527,48.35822981368288,8.388176409256456,,,2.252696990966797,0.03548383712768555,0.02111506462097168
7.842356869743607,12,7.557130403053387,140.25813672071916,8.421317154611552,,,2.316410779953003,0.03102731704711914,0.023234128952026367
7.7958370898587805,14,7.764412372342632,106.14502815670137,8.878597707633398,,,2.174401044845581,0.09447002410888672,0.021271944046020508
7.852648427503473,15,7.845080950208683,58.87183911135689,8.803483805604682,,,2.2698490619659424,0.16474294662475586,0.019883155822753906
7.505795159571942,13,7.505795159571943,95.18909392232545,8.619502507728429,,,2.1916871070861816,0.055850982666015625,0.021130084991455078
7.589203558149741,13,7.34260845424058,49.109677615963435,8.438009714615081,,,2.3376810550689697,0.06133222579956055,0.02133798599243164
