Losses,Support Cardinalities (Basis Pursuit),Two-Stage Losses,Random Two-Stage Losses,Greedy Multitask Norms (Two-Stage),Brute Isometry Losses,Brute Losses,Basis Pursuit Times,Stage Two Times,Greedy Times
5.277975221630374e+19,4,1.2247438275022365e+27,inf,4.919325017427318,,,2.1073479652404785,0.0019948482513427734,0.01688981056213379
4.790078134297598e+33,6,inf,inf,12.22172060884584,,,1.7925727367401123,0.0034532546997070312,0.022242069244384766
2.3086173794956977e+32,5,inf,inf,5.933470755762923,,,1.7877600193023682,0.0032079219818115234,0.02938985824584961
2.676493397673155e+17,8,1.6393427073482216e+35,inf,5.517974121884022,,,1.8721511363983154,0.006395101547241211,0.022895097732543945
33563547308.700066,5,8.400556239122696e+152,inf,6.7592971431989834,,,2.726943016052246,0.004656791687011719,0.02371501922607422
1095189.604064686,5,5.815814684627987e+23,inf,4.563819761732936,,,2.0749146938323975,0.0031888484954833984,0.026265859603881836
1095189.604064686,5,13311550.393135339,inf,4.563819761732935,,,2.8038928508758545,0.002293109893798828,0.017735004425048828
9.471013226934933e+16,4,inf,inf,8.28859038675402,,,1.6557278633117676,0.003134012222290039,0.017497777938842773
103328278451.32498,5,inf,inf,5.933470755762924,,,1.8176441192626953,0.002150297164916992,0.024825096130371094
1002273294837.2861,6,1.4802593243494965e+71,inf,5.5724793994955135,,,2.219309091567993,0.003668069839477539,0.019720077514648438
2.253332999673624e+26,6,7.835678537966045e+48,inf,5.81017120298501,,,2.3594090938568115,0.003859996795654297,0.0200808048248291
2.985653003254237e+16,4,2.961071954074494e+26,inf,4.931728639302422,,,2.174353837966919,0.002368927001953125,0.018409013748168945
1.5295531896356752e+123,5,inf,inf,6.553000586505921,,,2.3090639114379883,0.002332925796508789,0.02173900604248047
1095189.604064686,5,5.8158146846274095e+23,inf,4.563819761732935,,,2.2961509227752686,0.0052471160888671875,0.020217180252075195
4.4393308399273775e+50,6,2.1976211011948537e+236,inf,5.887426428313333,,,2.263226270675659,0.003045797348022461,0.021946191787719727
5.277975221630374e+19,6,1.0328225119202027e+219,inf,6.422242408235402,,,2.456601142883301,0.0033080577850341797,0.02102518081665039
2.961071954075462e+26,5,2.9610719540748303e+26,inf,4.931728639302423,,,1.9283068180084229,0.0025289058685302734,0.020010948181152344
1095189.604064686,7,13311550.39313425,inf,4.563819761732936,,,2.4311680793762207,0.004523038864135742,0.02428913116455078
2.676493397673155e+17,7,13311550.393135339,inf,4.563819761732936,,,2.1254289150238037,0.0035593509674072266,0.020727872848510742
2.3086173794956977e+32,7,1.6393427073475227e+35,inf,5.517974121884023,,,2.3136401176452637,0.003464221954345703,0.018035173416137695
3.129035611671625e+60,5,3.129035611672425e+60,inf,4.747120248760791,,,1.6657681465148926,0.002584218978881836,0.019732952117919922
1.1950406711497986e+16,6,1.4802593243494965e+71,inf,5.604385642924097,,,2.1412580013275146,0.003923892974853516,0.020225048065185547
1.4410225957365726e+22,6,1.1697822412618297e+89,inf,5.684293303521231,,,1.663233757019043,0.0031800270080566406,0.02055811882019043
1.1902173102602189e+22,7,1.31454024358632e+22,inf,5.903795067890897,,,2.0709898471832275,0.003448009490966797,0.016788005828857422
33563547308.700066,6,26812031225.72022,inf,6.3282513730393894,,,2.2526252269744873,0.0026361942291259766,0.016562938690185547
