Losses,Support Cardinalities (Basis Pursuit),Two-Stage Losses,Random Two-Stage Losses,Greedy Multitask Norms (Two-Stage),Brute Isometry Losses,Brute Losses
7.979011846851625,15,7.695073332173572,104.71976476707647,8.616184649292213,,
7.838743179837409,12,7.838743179837406,173.81990833764047,8.780254697834213,,
7.33560569999662,14,7.335605699996621,177.9042943019575,8.403438225478922,,
7.687302315934482,13,7.4325133841009,72.93369263022032,8.350009626432623,,
7.27013376385509,12,7.270133763855089,64.84400957824653,8.51183347833706,,
7.095277963721783,13,7.095277963721783,95.01430216433663,7.845971937714029,,
7.733254090312583,14,7.486662017736627,180.91484900914583,8.407593773185548,,
8.14679507921046,13,7.571076876041783,73.10159141053468,8.27641037820161,,
7.15237167442648,11,7.1523716744264805,111.14674361279006,7.686143024600067,,
7.3206434251888295,13,7.1164037651827,73.11635395037979,7.847952676152527,,
7.031538048477563,11,7.031538048477563,61.23011911758287,7.707102411196148,,
8.106464259197148,17,7.903519596411406,129.50116951303892,8.724005040429926,,
8.087520727668739,15,7.8877782065436435,118.98632771540768,8.929185018426027,,
7.72426823612031,16,7.72426823612031,64.6066543939457,8.888866762640315,,
7.715031902354321,15,7.6700148942074735,472.6757911530121,8.724232002547433,,
7.744464601247566,14,7.744464601247568,104.22058459418598,8.659499988448063,,
8.130253336539273,13,8.130253336539276,148.8633307085473,9.405429953197865,,
7.905169584696753,15,7.794801346734616,107.83989102599115,9.109094231680604,,
7.34260845424058,12,7.3426084542405805,126.17522017563302,8.438009714615083,,
7.8343332991365155,12,7.622479915764527,48.35822981368288,8.388176409256456,,
7.842356869743607,12,7.557130403053387,140.25813672071916,8.421317154611552,,
7.7958370898587805,14,7.764412372342632,106.14502815670137,8.878597707633398,,
7.852648427503473,15,7.845080950208683,58.87183911135689,8.803483805604682,,
7.505795159571942,13,7.505795159571943,95.18909392232545,8.619502507728429,,
7.589203558149741,13,7.34260845424058,49.109677615963435,8.438009714615081,,
