,Losses,Support Cardinalities (Basis Pursuit),Two-Stage Losses,Random Two-Stage Losses,Greedy Multitask Norms (Two-Stage),Brute Isometry Losses,Brute Losses,Basis Pursuit Times,Stage Two Times,Greedy Times
0,13.639878595140551,8,13.397047013561764,52.03657532265785,15.021249345228222,,,0.012067079544067383,0.0026590824127197266,0.009907007217407227
1,11.365591423075722,10,11.365591423075722,30.212621515726383,14.507808993624078,,,1.0372767448425293,0.00736689567565918,0.013200998306274414
2,13.30298553520469,11,13.302985535204694,52.0693683658849,15.085864011968585,,,1.0378940105438232,0.014664173126220703,0.012880802154541016
3,12.762262657605518,9,12.571100885931067,52.84585771662165,14.621936846913682,,,1.0035629272460938,0.003882169723510742,0.01306009292602539
4,13.257506094280961,10,13.257506094280957,86.82762653610538,15.315167052165814,,,1.0546081066131592,0.008140802383422852,0.012563943862915039
5,11.922566863903254,12,11.922566863903262,63.505667035565295,14.613168454069404,,,1.0270988941192627,0.035382986068725586,0.01246190071105957
6,14.076481244215977,10,14.076481244215973,48.53368970934296,15.022622582861898,,,1.0196189880371094,0.009301900863647461,0.011748075485229492
7,14.097128592317038,12,14.097128592317038,91.02934485050726,17.282217535310245,,,1.0195770263671875,0.03252911567687988,0.011789083480834961
8,12.839176316013477,13,12.60513476250565,83.5955829747756,16.27420770618788,,,1.0548748970031738,0.06286287307739258,0.012801170349121094
9,13.621077292278716,13,13.621077292278713,117.87893890137404,15.97501172562597,,,0.9932563304901123,0.063323974609375,0.011165857315063477
10,14.27037412755932,13,14.270374127559316,89.00599045503215,16.140528010154455,,,0.9695870876312256,0.06450390815734863,0.009437084197998047
11,15.455182823190516,11,14.538157162833949,52.030559194536764,15.727315099480222,,,1.0198378562927246,0.014215946197509766,0.010853767395019531
12,13.781386135568527,11,13.781386135568535,95.18041463485136,15.00620654117434,,,1.0126571655273438,0.015430927276611328,0.011131763458251953
13,14.584290355260766,11,13.89230254111602,44.395991977471375,16.012149779426718,,,1.0020201206207275,0.02399921417236328,0.014486074447631836
14,12.745320250115695,12,12.4407098562938,54.6436661978007,14.922051129401867,,,0.98636794090271,0.037007808685302734,0.010693073272705078
15,13.34172141208547,11,13.341721412085478,176.66772657962466,15.880024188004551,,,0.9799859523773193,0.015182733535766602,0.00986790657043457
16,14.423935289145017,11,14.423935289145023,36.26969631148952,15.661650827841159,,,1.005702257156372,0.01779794692993164,0.01347208023071289
17,14.30929416963222,12,14.309294169632217,64.79610830862804,16.75062526951704,,,1.0207710266113281,0.032038211822509766,0.013904809951782227
18,15.405324834866207,13,15.405324834866208,151.73803675035595,19.752605865042188,,,1.0607061386108398,0.06406927108764648,0.010905981063842773
19,13.22244860921664,11,13.3443527744821,93.29237641773872,15.80644979471275,,,1.0132741928100586,0.014815092086791992,0.00970005989074707
20,11.787121749869643,11,11.78712174986965,77.57207079963882,14.21734917647772,,,1.0202488899230957,0.012724876403808594,0.013643980026245117
21,13.848211843915246,12,13.848211843915255,73.11154474578142,15.420725220264616,,,1.0275049209594727,0.031213760375976562,0.0160219669342041
22,14.197723808461191,11,14.197723808461195,103.7442257999606,16.81460467805428,,,1.0336291790008545,0.0153961181640625,0.012814998626708984
23,12.417092710981079,9,12.224202911989797,218586897.2809806,13.71046309745638,,,1.030134916305542,0.003329038619995117,0.014440774917602539
24,17.262652237904998,12,16.994453997446826,115.15761005724967,18.775720784242676,,,1.0081217288970947,0.03229689598083496,0.011988162994384766
